0	startConfig	60	0 0 0 0 0 0 0 0 0 0 0 0 0 0 0 0 -0.76 0 1.98 0 0 0.3 0 0 0 0 0 0 0 0 0 0 0 0 0 0 -0.76 0 1.98 0 0 0.3 0 0 0 0 0 0 0 0 0 0 0 0 0 0 0 0 0 0
7.62841296196	setMilestone	60	0.0 0.0 0.0 0.0 0.0 0.0 0.0 0.0 0.0 0.0 0.0 0.0 0.0 0.0 0.0 0.0 -0.759999930859 -1.97686247816e-07 1.98000019392 3.89753154195e-07 0.0 0.30000009736 4.13264132249e-07 0.0 0.0 0.0 0.0 0.0 0.0 0.0 0.0 0.0 0.0 0.0 0.0 0.0 -0.759999930859 -2.1283115359e-07 1.98000019392 -2.14907601048e-07 0.0 0.30000009736 -2.38418579102e-07 0.0 0.0 0.0 0.0 0.0 0.0 0.0 0.0 0.0 0.0 0.0 0.0 3e-09 -6.28700413278e-08 0.0 2.14655432959e-08 -3e-09
7.62841296196	appendMilestone	60	0.0 0.0 0.0 0.0 0.0 0.0 0.0 0.0 0.0 0.0 0.0 0.0 0.0 0.0 0.0 -0.00905839969353 -0.75148248371 -0.00114637045271 1.97846851625 0.00240083866162 0.0 0.309664373339 0.00371140524024 0.0 0.0 0.0 0.0 0.0 0.0 0.0 0.0 0.0 0.0 0.0 0.0 0.0 -0.759999930859 -2.1283115359e-07 1.98000019392 -2.14907601048e-07 0.0 0.30000009736 -2.38418579102e-07 0.0 0.0 0.0 0.0 0.0 0.0 0.0 0.0 0.0 0.0 0.0 0.0 3e-09 -6.28700413278e-08 0.0 2.14655432959e-08 -3e-09
7.65961289406	appendMilestone	60	0.0 0.0 0.0 0.0 0.0 0.0 0.0 0.0 0.0 0.0 0.0 0.0 0.0 0.0 0.0 0.318732118948 -0.96328611332 -1.7143738497 1.67228599522 -1.18626143876 0.0 -0.373417384775 1.63576177447 0.0 0.0 0.0 0.0 0.0 0.0 0.0 0.0 0.0 0.0 0.0 0.0 0.0 -0.759999930859 -2.1283115359e-07 1.98000019392 -2.14907601048e-07 0.0 0.30000009736 -2.38418579102e-07 0.0 0.0 0.0 0.0 0.0 0.0 0.0 0.0 0.0 0.0 0.0 0.0 3e-09 -6.28700413278e-08 0.0 2.14655432959e-08 -3e-09
7.65961289406	appendMilestone	60	0.0 0.0 0.0 0.0 0.0 0.0 0.0 0.0 0.0 0.0 0.0 0.0 0.0 0.0 0.0 0.351364036869 -0.985968405909 -1.85586202382 1.64779499471 -1.28634350802 0.0 -0.435896935968 1.76897595927 0.0 0.0 0.0 0.0 0.0 0.0 0.0 0.0 0.0 0.0 0.0 0.0 0.0 -0.759999930859 -2.1283115359e-07 1.98000019392 -2.14907601048e-07 0.0 0.30000009736 -2.38418579102e-07 0.0 0.0 0.0 0.0 0.0 0.0 0.0 0.0 0.0 0.0 0.0 0.0 3e-09 -6.28700413278e-08 0.0 2.14655432959e-08 -3e-09
7.65961289406	appendMilestone	60	0.0 0.0 0.0 0.0 0.0 0.0 0.0 0.0 0.0 0.0 0.0 0.0 0.0 0.0 0.0 0.405810425757 -1.05021354576 -1.76624861636 1.57397685646 -1.27052182427 0.0 -0.476085321005 1.77687953122 0.0 0.0 0.0 0.0 0.0 0.0 0.0 0.0 0.0 0.0 0.0 0.0 0.0 -0.759999930859 -2.1283115359e-07 1.98000019392 -2.14907601048e-07 0.0 0.30000009736 -2.38418579102e-07 0.0 0.0 0.0 0.0 0.0 0.0 0.0 0.0 0.0 0.0 0.0 0.0 3e-09 -6.28700413278e-08 0.0 2.14655432959e-08 -3e-09
7.65961289406	appendMilestone	60	0.0 0.0 0.0 0.0 0.0 0.0 0.0 0.0 0.0 0.0 0.0 0.0 0.0 0.0 0.0 0.426777948168 -1.07555289795 -1.72435345275 1.54480254097 -1.26028362553 0.0 -0.490109596987 1.77506227127 0.0 0.0 0.0 0.0 0.0 0.0 0.0 0.0 0.0 0.0 0.0 0.0 0.0 -0.759999930859 -2.1283115359e-07 1.98000019392 -2.14907601048e-07 0.0 0.30000009736 -2.38418579102e-07 0.0 0.0 0.0 0.0 0.0 0.0 0.0 0.0 0.0 0.0 0.0 0.0 3e-09 -6.28700413278e-08 0.0 2.14655432959e-08 -3e-09
7.65961289406	appendMilestone	60	0.0 0.0 0.0 0.0 0.0 0.0 0.0 0.0 0.0 0.0 0.0 0.0 0.0 0.0 0.0 0.426853268479 -1.07562688131 -1.72428130948 1.54472595334 -1.26028499605 0.0 -0.490177166304 1.77509253409 0.0 0.0 0.0 0.0 0.0 0.0 0.0 0.0 0.0 0.0 0.0 0.0 0.0 -0.759999930859 -2.1283115359e-07 1.98000019392 -2.14907601048e-07 0.0 0.30000009736 -2.38418579102e-07 0.0 0.0 0.0 0.0 0.0 0.0 0.0 0.0 0.0 0.0 0.0 0.0 3e-09 -6.28700413278e-08 0.0 2.14655432959e-08 -3e-09
13.0		commandGripper	left	4	1 1 1 0
15.0		commandGripper	left	4	0 0 1 0
17.0		commandGripper	left	4	1 1 1 0
