0 startConfig	60	0.0 0.0 0.0 0.0 0.0 0.0 0.0 0.0 0.0 0.0 0.0 0.0 0.0 0.0 0.0 0.0 -0.76 0.0 1.98 0.0 0.0 0.3 0.0 0.0 0.0 0.0 0.0 0.0 0.0 0.0 0.0 0.0 0.0 0.0 0.0 0.0 -0.76 0.0 1.98 0.0 0.0 0.3 0.0 0.0 0.0 0.0 0.0 0.0 0.0 0.0 0.0 0.0 0.0 0.0 0.0 0.0 0.0 0.0 0.0 0.0
4.74240899086 setMilestone	60	0.0 0.0 0.0 0.0 0.0 0.0 0.0 0.0 0.0 0.0 0.0 0.0 0.0 0.0 0.0 0.0 -0.759999930859 -1.97686247816e-07 1.98000019392 3.89753154195e-07 0.0 0.30000009736 4.13264132249e-07 0.0 0.0 0.0 0.0 0.0 0.0 0.0 0.0 0.0 0.0 0.0 0.0 0.0 -0.759999930859 -2.1283115359e-07 1.98000019392 -2.14907601048e-07 0.0 0.30000009736 -2.38418579102e-07 0.0 0.0 0.0 0.0 0.0 0.0 0.0 0.0 0.0 0.0 0.0 0.0 3e-09 -6.28700413278e-08 0.0 2.14655432959e-08 -3e-09
4.74240899086 appendMilestone	60	0.0 0.0 0.0 0.0 0.0 0.0 0.0 0.0 0.0 0.0 0.0 0.0 0.0 0.0 0.0 0.0 -0.759999930859 -1.97686247816e-07 1.98000019392 3.89753154195e-07 0.0 0.30000009736 4.13264132249e-07 0.0 0.0 0.0 0.0 0.0 0.0 0.0 0.0 0.0 0.0 0.0 0.0 0.354248348075 -0.275695912672 1.17400078255 1.97612581433 0.181307090336 0.0 -0.708643377358 -1.29566422075 0.0 0.0 0.0 0.0 0.0 0.0 0.0 0.0 0.0 0.0 0.0 0.0 3e-09 -6.28700413278e-08 0.0 2.14655432959e-08 -3e-09
4.74240899086 appendMilestone	60	0.0 0.0 0.0 0.0 0.0 0.0 0.0 0.0 0.0 0.0 0.0 0.0 0.0 0.0 0.0 0.0 -0.759999930859 -1.97686247816e-07 1.98000019392 3.89753154195e-07 0.0 0.30000009736 4.13264132249e-07 0.0 0.0 0.0 0.0 0.0 0.0 0.0 0.0 0.0 0.0 0.0 0.0 0.355349083872 -0.275046645792 1.17769274074 1.9753975521 0.182172930928 0.0 -0.711979964313 -1.29937511637 0.0 0.0 0.0 0.0 0.0 0.0 0.0 0.0 0.0 0.0 0.0 0.0 3e-09 -6.28700413278e-08 0.0 2.14655432959e-08 -3e-09
4.74240899086 appendMilestone	60	0.0 0.0 0.0 0.0 0.0 0.0 0.0 0.0 0.0 0.0 0.0 0.0 0.0 0.0 0.0 0.0 -0.759999930859 -1.97686247816e-07 1.98000019392 3.89753154195e-07 0.0 0.30000009736 4.13264132249e-07 0.0 0.0 0.0 0.0 0.0 0.0 0.0 0.0 0.0 0.0 0.0 0.0 0.381396818836 -0.268047749737 1.26548968666 1.95116126137 0.205619512619 0.0 -0.792916497315 -1.38410917157 0.0 0.0 0.0 0.0 0.0 0.0 0.0 0.0 0.0 0.0 0.0 0.0 3e-09 -6.28700413278e-08 0.0 2.14655432959e-08 -3e-09
4.74240899086 appendMilestone	60	0.0 0.0 0.0 0.0 0.0 0.0 0.0 0.0 0.0 0.0 0.0 0.0 0.0 0.0 0.0 0.0 -0.759999930859 -1.97686247816e-07 1.98000019392 3.89753154195e-07 0.0 0.30000009736 4.13264132249e-07 0.0 0.0 0.0 0.0 0.0 0.0 0.0 0.0 0.0 0.0 0.0 0.0 0.397318685277 -0.264984480947 1.31921875446 1.93532967571 0.220380894067 0.0 -0.842677052274 -1.43545613463 0.0 0.0 0.0 0.0 0.0 0.0 0.0 0.0 0.0 0.0 0.0 0.0 3e-09 -6.28700413278e-08 0.0 2.14655432959e-08 -3e-09
4.74240899086 appendMilestone	60	0.0 0.0 0.0 0.0 0.0 0.0 0.0 0.0 0.0 0.0 0.0 0.0 0.0 0.0 0.0 0.0 -0.759999930859 -1.97686247816e-07 1.98000019392 3.89753154195e-07 0.0 0.30000009736 4.13264132249e-07 0.0 0.0 0.0 0.0 0.0 0.0 0.0 0.0 0.0 0.0 0.0 0.0 0.420166156912 -0.261519056656 1.39636649212 1.91183299456 0.241891984424 0.0 -0.914302343803 -1.50879515928 0.0 0.0 0.0 0.0 0.0 0.0 0.0 0.0 0.0 0.0 0.0 0.0 3e-09 -6.28700413278e-08 0.0 2.14655432959e-08 -3e-09
4.74240899086 appendMilestone	60	0.0 0.0 0.0 0.0 0.0 0.0 0.0 0.0 0.0 0.0 0.0 0.0 0.0 0.0 0.0 0.0 -0.759999930859 -1.97686247816e-07 1.98000019392 3.89753154195e-07 0.0 0.30000009736 4.13264132249e-07 0.0 0.0 0.0 0.0 0.0 0.0 0.0 0.0 0.0 0.0 0.0 0.0 0.584039272185 -0.335086415259 1.95477488954 1.66091181032 0.430975458521 0.0 -1.45132682184 -1.99857624179 0.0 0.0 0.0 0.0 0.0 0.0 0.0 0.0 0.0 0.0 0.0 0.0 3e-09 -6.28700413278e-08 0.0 2.14655432959e-08 -3e-09
4.74240899086 appendMilestone	60	0.0 0.0 0.0 0.0 0.0 0.0 0.0 0.0 0.0 0.0 0.0 0.0 0.0 0.0 0.0 0.0 -0.759999930859 -1.97686247816e-07 1.98000019392 3.89753154195e-07 0.0 0.30000009736 4.13264132249e-07 0.0 0.0 0.0 0.0 0.0 0.0 0.0 0.0 0.0 0.0 0.0 0.0 0.584067912977 -0.335183381482 1.95487681543 1.66079754707 0.431038240351 0.0 -1.45144058537 -1.99863087198 0.0 0.0 0.0 0.0 0.0 0.0 0.0 0.0 0.0 0.0 0.0 0.0 3e-09 -6.28700413278e-08 0.0 2.14655432959e-08 -3e-09
4.74240899086 appendMilestone	60	0.0 0.0 0.0 0.0 0.0 0.0 0.0 0.0 0.0 0.0 0.0 0.0 0.0 0.0 0.0 0.0 -0.759999930859 -1.97686247816e-07 1.98000019392 3.89753154195e-07 0.0 0.30000009736 4.13264132249e-07 0.0 0.0 0.0 0.0 0.0 0.0 0.0 0.0 0.0 0.0 0.0 0.0 0.610392100512 -0.486832221436 2.05177770966 1.5034351144 0.510846707929 0.0 -1.5708 -2.02581875998 0.0 0.0 0.0 0.0 0.0 0.0 0.0 0.0 0.0 0.0 0.0 0.0 3e-09 -6.28700413278e-08 0.0 2.14655432959e-08 -3e-09
42.603675127 commandGripper	right	1	1
44.603675127 commandGripper	right	1	0.4
47.6736841202 setMilestone	60	0.0 0.0 0.0 0.0 0.0 0.0 0.0 0.0 0.0 0.0 0.0 0.0 0.0 0.0 0.0 0.0 -0.76 -1.97686e-07 1.98 3.89753e-07 0.0 0.3 4.13264e-07 0.0 0.0 0.0 0.0 0.0 0.0 0.0 0.0 0.0 0.0 0.0 0.0 0.610392 -0.486832 2.05178 1.50344 0.510847 0.0 -1.5708 -2.02582 0.0 0.0 0.0 0.0 0.0 0.0 0.0 0.0 0.0 0.0 0.0 0.0 3e-09 -6.287e-08 0.0 0.03 -0.03
47.6736841202 appendMilestone	60	0.0 0.0 0.0 0.0 0.0 0.0 0.0 0.0 0.0 0.0 0.0 0.0 0.0 0.0 0.0 0.0 -0.76 -1.97686e-07 1.98 3.89753e-07 0.0 0.3 4.13264e-07 0.0 0.0 0.0 0.0 0.0 0.0 0.0 0.0 0.0 0.0 0.0 0.0 0.732158445837 -0.324437512882 1.90394719345 1.1856724059 0.422869337354 0.0 -1.29809794703 -2.03610116215 0.0 0.0 0.0 0.0 0.0 0.0 0.0 0.0 0.0 0.0 0.0 0.0 3e-09 -6.287e-08 0.0 0.03 -0.03
47.6736841202 appendMilestone	60	0.0 0.0 0.0 0.0 0.0 0.0 0.0 0.0 0.0 0.0 0.0 0.0 0.0 0.0 0.0 0.0 -0.76 -1.97686000014e-07 1.98 3.89753e-07 0.0 0.3 4.13264e-07 0.0 0.0 0.0 0.0 0.0 0.0 0.0 0.0 0.0 0.0 0.0 0.0 0.784292946194 -0.3080278229 1.88442888635 0.999147374776 0.411786883458 0.0 -1.15870261305 -2.08149119614 0.0 0.0 0.0 0.0 0.0 0.0 0.0 0.0 0.0 0.0 0.0 0.0 3e-09 -6.287e-08 0.0 0.03 -0.03
58.5625030994 commandGripper	right	1	0
66.2845170498 setMilestone	60	0.0 0.0 0.0 0.0 0.0 0.0 0.0 0.0 0.0 0.0 0.0 0.0 0.0 0.0 0.0 0.0 -0.76 -1.97686000014e-07 1.98 3.89753e-07 0.0 0.3 4.13264e-07 0.0 0.0 0.0 0.0 0.0 0.0 0.0 0.0 0.0 0.0 0.0 0.0 0.801821307604 -0.351470086891 1.92847631954 0.921090033567 0.465447941776 0.0 -1.11489902414 -2.17517486705 0.0 0.0 0.0 0.0 0.0 0.0 0.0 0.0 0.0 0.0 0.0 0.0 3e-09 -6.287e-08 0.0 0.0 0.0
71.1985249519 setMilestone	60	0.0 0.0 0.0 0.0 0.0 0.0 0.0 0.0 0.0 0.0 0.0 0.0 0.0 0.0 0.0 0.0 -0.76 -1.97686000014e-07 1.98 3.89753e-07 0.0 0.3 4.13264e-07 0.0 0.0 0.0 0.0 0.0 0.0 0.0 0.0 0.0 0.0 0.0 0.0 0.611623983646 -0.473980058909 1.98934417166 1.57408751212 0.606218979697 0.0 -1.5708 -1.94101649535 0.0 0.0 0.0 0.0 0.0 0.0 0.0 0.0 0.0 0.0 0.0 0.0 3e-09 -6.287e-08 0.0 0.0 0.0
95.0041670799 setMilestone	60	0.0 0.0 0.0 0.0 0.0 0.0 0.0 0.0 0.0 0.0 0.0 0.0 0.0 0.0 0.0 0.0 -0.76 -1.97686000014e-07 1.98 3.89753e-07 0.0 0.3 4.13264e-07 0.0 0.0 0.0 0.0 0.0 0.0 0.0 0.0 0.0 0.0 0.0 0.0 0.611623983646 -0.473980058909 1.98934417166 1.57408751212 0.606218979697 0.0 -1.5708 -1.94101649535 0.0 0.0 0.0 0.0 0.0 0.0 0.0 0.0 0.0 0.0 0.0 0.0 3e-09 -6.287e-08 0.0 0.0 0.0
95.0041670799 appendMilestone	60	0.0 0.0 0.0 0.0 0.0 0.0 0.0 0.0 0.0 0.0 0.0 0.0 0.0 0.0 0.0 0.0 -0.76 -1.97686000014e-07 1.98 3.89753e-07 0.0 0.3 4.13264e-07 0.0 0.0 0.0 0.0 0.0 0.0 0.0 0.0 0.0 0.0 0.0 0.0 0.670920713821 -0.376732466887 2.0011129619 1.68912558068 0.594911644214 0.0 -1.45455139186 -1.80099143914 0.0 0.0 0.0 0.0 0.0 0.0 0.0 0.0 0.0 0.0 0.0 0.0 3e-09 -6.287e-08 0.0 0.0 0.0
95.0041670799 appendMilestone	60	0.0 0.0 0.0 0.0 0.0 0.0 0.0 0.0 0.0 0.0 0.0 0.0 0.0 0.0 0.0 0.0 -0.76 -1.97686000014e-07 1.98 3.89753e-07 0.0 0.3 4.13264e-07 0.0 0.0 0.0 0.0 0.0 0.0 0.0 0.0 0.0 0.0 0.0 0.0 0.67095465452 -0.376679341116 2.00111793178 1.68918812582 0.594905000787 0.0 -1.45448885666 -1.80091580362 0.0 0.0 0.0 0.0 0.0 0.0 0.0 0.0 0.0 0.0 0.0 0.0 3e-09 -6.287e-08 0.0 0.0 0.0
95.0041670799 appendMilestone	60	0.0 0.0 0.0 0.0 0.0 0.0 0.0 0.0 0.0 0.0 0.0 0.0 0.0 0.0 0.0 0.0 -0.76 -1.97686000014e-07 1.98 3.89753e-07 0.0 0.3 4.13264e-07 0.0 0.0 0.0 0.0 0.0 0.0 0.0 0.0 0.0 0.0 0.0 0.0 0.708775876509 -0.317608570431 2.00656622589 1.75871637794 0.58749330862 0.0 -1.38500741641 -1.71686212121 0.0 0.0 0.0 0.0 0.0 0.0 0.0 0.0 0.0 0.0 0.0 0.0 3e-09 -6.287e-08 0.0 0.0 0.0
95.0041670799 appendMilestone	60	0.0 0.0 0.0 0.0 0.0 0.0 0.0 0.0 0.0 0.0 0.0 0.0 0.0 0.0 0.0 0.0 -0.76 -1.97686000014e-07 1.98 3.89753e-07 0.0 0.3 4.13264e-07 0.0 0.0 0.0 0.0 0.0 0.0 0.0 0.0 0.0 0.0 0.0 0.0 0.715100915592 -0.307975100873 2.00730665358 1.77002489974 0.586237262139 0.0 -1.37377465021 -1.70324155744 0.0 0.0 0.0 0.0 0.0 0.0 0.0 0.0 0.0 0.0 0.0 0.0 3e-09 -6.287e-08 0.0 0.0 0.0
95.0041670799 appendMilestone	60	0.0 0.0 0.0 0.0 0.0 0.0 0.0 0.0 0.0 0.0 0.0 0.0 0.0 0.0 0.0 0.0 -0.76 -1.97686000014e-07 1.98 3.89753e-07 0.0 0.3 4.13264e-07 0.0 0.0 0.0 0.0 0.0 0.0 0.0 0.0 0.0 0.0 0.0 0.0 0.719756721488 -0.301449003068 2.00745835526 1.77761394509 0.585274565852 0.0 -1.36639786557 -1.69422047457 0.0 0.0 0.0 0.0 0.0 0.0 0.0 0.0 0.0 0.0 0.0 0.0 3e-09 -6.287e-08 0.0 0.0 0.0
95.0041670799 appendMilestone	60	0.0 0.0 0.0 0.0 0.0 0.0 0.0 0.0 0.0 0.0 0.0 0.0 0.0 0.0 0.0 0.0 -0.76 -1.97686000014e-07 1.98 3.89753e-07 0.0 0.3 4.13264e-07 0.0 0.0 0.0 0.0 0.0 0.0 0.0 0.0 0.0 0.0 0.0 0.0 0.719771732638 -0.301436232016 2.00745308725 1.7776276543 0.585270903808 0.0 -1.36638713141 -1.69420609787 0.0 0.0 0.0 0.0 0.0 0.0 0.0 0.0 0.0 0.0 0.0 0.0 3e-09 -6.287e-08 0.0 0.0 0.0
95.0041670799 appendMilestone	60	0.0 0.0 0.0 0.0 0.0 0.0 0.0 0.0 0.0 0.0 0.0 0.0 0.0 0.0 0.0 0.0 -0.76 -1.97686000014e-07 1.98 3.89753e-07 0.0 0.3 4.13264e-07 0.0 0.0 0.0 0.0 0.0 0.0 0.0 0.0 0.0 0.0 0.0 0.0 0.504359427345 0.0018561365206 1.26488492202 2.04561026056 0.904658285467 0.0 -1.46760086846 -1.60057622903 0.0 0.0 0.0 0.0 0.0 0.0 0.0 0.0 0.0 0.0 0.0 0.0 3e-09 -6.287e-08 0.0 0.0 0.0
95.0041670799 appendMilestone	60	0.0 0.0 0.0 0.0 0.0 0.0 0.0 0.0 0.0 0.0 0.0 0.0 0.0 0.0 0.0 0.0 -0.76 -1.97686000014e-07 1.98 3.89753e-07 0.0 0.3 4.13264e-07 0.0 0.0 0.0 0.0 0.0 0.0 0.0 0.0 0.0 0.0 0.0 0.0 0.274211526221 0.0697248708859 1.03422600857 2.10644909073 1.07871709799 0.0 -1.52200794825 -1.59396846993 0.0 0.0 0.0 0.0 0.0 0.0 0.0 0.0 0.0 0.0 0.0 0.0 3e-09 -6.287e-08 0.0 0.0 0.0
124.146018028 commandGripper	right	1	1
135.908438921 setMilestone	60	0.0 0.0 0.0 0.0 0.0 0.0 0.0 0.0 0.0 0.0 0.0 0.0 0.0 0.0 0.0 0.0 -0.76 -1.97686e-07 1.98 3.89753e-07 0.0 0.3 4.13264e-07 0.0 0.0 0.0 0.0 0.0 0.0 0.0 0.0 0.0 0.0 0.0 0.0 0.274212 0.0697249 1.03423 2.10645 1.07872 0.0 -1.52201 -1.59397 0.0 0.0 0.0 0.0 0.0 0.0 0.0 0.0 0.0 0.0 0.0 0.0 3e-09 -6.287e-08 0.0 0.03 -0.03
135.908438921 appendMilestone	60	0.0 0.0 0.0 0.0 0.0 0.0 0.0 0.0 0.0 0.0 0.0 0.0 0.0 0.0 0.0 0.0 -0.76 -1.97686e-07 1.98 3.89753e-07 0.0 0.3 4.13264e-07 0.0 0.0 0.0 0.0 0.0 0.0 0.0 0.0 0.0 0.0 0.0 0.0 -0.839440439942 0.258376329731 1.39812360077 2.0879722879 -0.342792748396 0.0 -0.488803787085 -1.53259191474 0.0 0.0 0.0 0.0 0.0 0.0 0.0 0.0 0.0 0.0 0.0 0.0 3e-09 -6.287e-08 0.0 0.03 -0.03
148.780462027 commandGripper	right	1	1
150.4 commandGripper	right	1	0.4
150.418465137 setMilestone	60	0.0 0.0 0.0 0.0 0.0 0.0 0.0 0.0 0.0 0.0 0.0 0.0 0.0 0.0 0.0 0.0 -0.76 -1.97686e-07 1.98 3.89753e-07 0.0 0.3 4.13264e-07 0.0 0.0 0.0 0.0 0.0 0.0 0.0 0.0 0.0 0.0 0.0 0.0 -0.83944 0.258376 1.39812 2.08797 -0.342793 0.0 -0.488804 -1.53259 0.0 0.0 0.0 0.0 0.0 0.0 0.0 0.0 0.0 0.0 0.0 0.0 3e-09 -6.287e-08 0.0 0.03 -0.03
150.418465137 appendMilestone	60	0.0 0.0 0.0 0.0 0.0 0.0 0.0 0.0 0.0 0.0 0.0 0.0 0.0 0.0 0.0 0.0 -0.76 -1.97686e-07 1.98 3.89753e-07 0.0 0.3 4.13264e-07 0.0 0.0 0.0 0.0 0.0 0.0 0.0 0.0 0.0 0.0 0.0 0.0 -0.446216134382 -0.137425031455 1.25317662603 1.63929848663 0.253729669675 0.0 -0.345806827433 -1.58066967486 0.0 0.0 0.0 0.0 0.0 0.0 0.0 0.0 0.0 0.0 0.0 0.0 3e-09 -6.287e-08 0.0 0.03 -0.03
150.418465137 appendMilestone	60	0.0 0.0 0.0 0.0 0.0 0.0 0.0 0.0 0.0 0.0 0.0 0.0 0.0 0.0 0.0 0.0 -0.76 -1.97686000014e-07 1.98 3.89753e-07 0.0 0.3 4.13264e-07 0.0 0.0 0.0 0.0 0.0 0.0 0.0 0.0 0.0 0.0 0.0 0.0 -0.340540392506 -0.102426278795 1.22509333223 1.4661537516 0.260425485791 0.0 -0.281245810002 -1.58605803707 0.0 0.0 0.0 0.0 0.0 0.0 0.0 0.0 0.0 0.0 0.0 0.0 3e-09 -6.287e-08 0.0 0.03 -0.03
161.993685007 commandGripper	right	1	0
168.843096972 setMilestone	60	0.0 0.0 0.0 0.0 0.0 0.0 0.0 0.0 0.0 0.0 0.0 0.0 0.0 0.0 0.0 0.0 -0.76 -1.97686000014e-07 1.98 3.89753e-07 0.0 0.3 4.13264e-07 0.0 0.0 0.0 0.0 0.0 0.0 0.0 0.0 0.0 0.0 0.0 0.0 -0.335618323415 -0.217141428892 1.21162194618 1.49803188007 0.363706550054 0.0 -0.285788627843 -1.57599035931 0.0 0.0 0.0 0.0 0.0 0.0 0.0 0.0 0.0 0.0 0.0 0.0 3e-09 -6.287e-08 0.0 0.0 0.0
173.07270503 setMilestone	60	0.0 0.0 0.0 0.0 0.0 0.0 0.0 0.0 0.0 0.0 0.0 0.0 0.0 0.0 0.0 0.0 -0.76 -1.97686000014e-07 1.98 3.89753e-07 0.0 0.3 4.13264e-07 0.0 0.0 0.0 0.0 0.0 0.0 0.0 0.0 0.0 0.0 0.0 0.0 -0.808000345113 -0.210953070297 1.28910516011 1.98872789239 0.166597241702 0.0 -0.19202128236 -1.58234232471 0.0 0.0 0.0 0.0 0.0 0.0 0.0 0.0 0.0 0.0 0.0 0.0 3e-09 -6.287e-08 0.0 0.0 0.0
180.311116934 setMilestone	60	0.0 0.0 0.0 0.0 0.0 0.0 0.0 0.0 0.0 0.0 0.0 0.0 0.0 0.0 0.0 0.0 -0.76 -1.97686000014e-07 1.98 3.89753e-07 0.0 0.3 4.13264e-07 0.0 0.0 0.0 0.0 0.0 0.0 0.0 0.0 0.0 0.0 0.0 0.0 -0.808000345113 -0.210953070297 1.28910516011 1.98872789239 0.166597241702 0.0 -0.19202128236 -1.58234232471 0.0 0.0 0.0 0.0 0.0 0.0 0.0 0.0 0.0 0.0 0.0 0.0 3e-09 -6.287e-08 0.0 0.0 0.0
180.311116934 appendMilestone	60	0.0 0.0 0.0 0.0 0.0 0.0 0.0 0.0 0.0 0.0 0.0 0.0 0.0 0.0 0.0 0.0 -0.76 -1.97686000014e-07 1.98 3.89753e-07 0.0 0.3 4.13264e-07 0.0 0.0 0.0 0.0 0.0 0.0 0.0 0.0 0.0 0.0 0.0 0.0 -0.644184699211 0.104292237218 0.654358602584 2.14879200297 0.254206554068 0.0 -0.0989177035186 -1.63954340119 0.0 0.0 0.0 0.0 0.0 0.0 0.0 0.0 0.0 0.0 0.0 0.0 3e-09 -6.287e-08 0.0 0.0 0.0
186.459527969 commandGripper	right	1	1
