0 startConfig	60	0.0 0.0 0.0 0.0 0.0 0.0 0.0 0.0 0.0 0.0 0.0 0.0 0.0 0.0 0.0 0.0 -0.76 0.0 1.98 0.0 0.0 0.3 0.0 0.0 0.0 0.0 0.0 0.0 0.0 0.0 0.0 0.0 0.0 0.0 0.0 0.0 -0.76 0.0 1.98 0.0 0.0 0.3 0.0 0.0 0.0 0.0 0.0 0.0 0.0 0.0 0.0 0.0 0.0 0.0 0.0 0.0 0.0 0.0 0.0 0.0
9.87481713295 setMilestone	60	0.0 0.0 0.0 0.0 0.0 0.0 0.0 0.0 0.0 0.0 0.0 0.0 0.0 0.0 0.0 0.0 -0.759999930859 -1.97686247816e-07 1.98000019392 3.89753154195e-07 0.0 0.30000009736 4.13264132249e-07 0.0 0.0 0.0 0.0 0.0 0.0 0.0 0.0 0.0 0.0 0.0 0.0 0.0 -0.759999930859 -2.1283115359e-07 1.98000019392 -2.14907601048e-07 0.0 0.30000009736 -2.38418579102e-07 0.0 0.0 0.0 0.0 0.0 0.0 0.0 0.0 0.0 0.0 0.0 0.0 3e-09 -6.28700413278e-08 0.0 2.14655432959e-08 -3e-09
9.87481713295 appendMilestone	60	0.0 0.0 0.0 0.0 0.0 0.0 0.0 0.0 0.0 0.0 0.0 0.0 0.0 0.0 0.0 0.0 -0.759999930859 -1.97686247816e-07 1.98000019392 3.89753154195e-07 0.0 0.30000009736 4.13264132249e-07 0.0 0.0 0.0 0.0 0.0 0.0 0.0 0.0 0.0 0.0 0.0 0.0 0.0907316614831 -0.817975838463 0.0941498972209 1.93225070328 0.0714126492203 0.0 0.316266639528 0.0414634240519 0.0 0.0 0.0 0.0 0.0 0.0 0.0 0.0 0.0 0.0 0.0 0.0 3e-09 -6.28700413278e-08 0.0 2.14655432959e-08 -3e-09
9.87481713295 appendMilestone	60	0.0 0.0 0.0 0.0 0.0 0.0 0.0 0.0 0.0 0.0 0.0 0.0 0.0 0.0 0.0 0.0 -0.759999930859 -1.97686247816e-07 1.98000019392 3.89753154195e-07 0.0 0.30000009736 4.13264132249e-07 0.0 0.0 0.0 0.0 0.0 0.0 0.0 0.0 0.0 0.0 0.0 0.0 0.187429444113 -0.870470603421 0.185457569051 1.95303185557 -0.0200650827636 0.0 0.281037884606 0.0444698992392 0.0 0.0 0.0 0.0 0.0 0.0 0.0 0.0 0.0 0.0 0.0 0.0 3e-09 -6.28700413278e-08 0.0 2.14655432959e-08 -3e-09
9.890417099 appendMilestone	60	0.0 0.0 0.0 0.0 0.0 0.0 0.0 0.0 0.0 0.0 0.0 0.0 0.0 0.0 0.0 0.0 -0.759999930859 -1.97686247816e-07 1.98000019392 3.89753154195e-07 0.0 0.30000009736 4.13264132249e-07 0.0 0.0 0.0 0.0 0.0 0.0 0.0 0.0 0.0 0.0 0.0 0.0 0.282502916447 -0.902296491173 0.264039559994 1.97341438065 -0.117757174619 0.0 0.266257187419 0.102689325066 0.0 0.0 0.0 0.0 0.0 0.0 0.0 0.0 0.0 0.0 0.0 0.0 3e-09 -6.28700413278e-08 0.0 2.14655432959e-08 -3e-09
9.890417099 appendMilestone	60	0.0 0.0 0.0 0.0 0.0 0.0 0.0 0.0 0.0 0.0 0.0 0.0 0.0 0.0 0.0 0.0 -0.759999930859 -1.97686247816e-07 1.98000019392 3.89753154195e-07 0.0 0.30000009736 4.13264132249e-07 0.0 0.0 0.0 0.0 0.0 0.0 0.0 0.0 0.0 0.0 0.0 0.0 0.555549883999 -1.26551292749 1.1713854296 1.74234302722 1.26352984263 0.0 -0.754994410452 -1.41681986992 0.0 0.0 0.0 0.0 0.0 0.0 0.0 0.0 0.0 0.0 0.0 0.0 3e-09 -6.28700413278e-08 0.0 2.14655432959e-08 -3e-09
9.890417099 appendMilestone	60	0.0 0.0 0.0 0.0 0.0 0.0 0.0 0.0 0.0 0.0 0.0 0.0 0.0 0.0 0.0 0.0 -0.759999930859 -1.97686247816e-07 1.98000019392 3.89753154195e-07 0.0 0.30000009736 4.13264132249e-07 0.0 0.0 0.0 0.0 0.0 0.0 0.0 0.0 0.0 0.0 0.0 0.0 0.566705719218 -1.30435453712 1.13384612232 1.67470015716 1.33705355627 0.0 -0.738515142472 -1.45607878349 0.0 0.0 0.0 0.0 0.0 0.0 0.0 0.0 0.0 0.0 0.0 0.0 3e-09 -6.28700413278e-08 0.0 2.14655432959e-08 -3e-09
9.890417099 appendMilestone	60	0.0 0.0 0.0 0.0 0.0 0.0 0.0 0.0 0.0 0.0 0.0 0.0 0.0 0.0 0.0 0.0 -0.759999930859 -1.97686247816e-07 1.98000019392 3.89753154195e-07 0.0 0.30000009736 4.13264132249e-07 0.0 0.0 0.0 0.0 0.0 0.0 0.0 0.0 0.0 0.0 0.0 0.0 0.585444439466 -1.36646833114 1.06294312899 1.58892996349 1.3600806152 0.0 -0.768039988163 -1.43629893988 0.0 0.0 0.0 0.0 0.0 0.0 0.0 0.0 0.0 0.0 0.0 0.0 3e-09 -6.28700413278e-08 0.0 2.14655432959e-08 -3e-09
9.890417099 appendMilestone	60	0.0 0.0 0.0 0.0 0.0 0.0 0.0 0.0 0.0 0.0 0.0 0.0 0.0 0.0 0.0 0.0 -0.759999930859 -1.97686247816e-07 1.98000019392 3.89753154195e-07 0.0 0.30000009736 4.13264132249e-07 0.0 0.0 0.0 0.0 0.0 0.0 0.0 0.0 0.0 0.0 0.0 0.0 0.556839377078 -1.38729167355 1.01845004294 1.5293011158 1.30950987821 0.0 -0.776708766771 -1.46043344352 0.0 0.0 0.0 0.0 0.0 0.0 0.0 0.0 0.0 0.0 0.0 0.0 3e-09 -6.28700413278e-08 0.0 2.14655432959e-08 -3e-09
9.890417099 appendMilestone	60	0.0 0.0 0.0 0.0 0.0 0.0 0.0 0.0 0.0 0.0 0.0 0.0 0.0 0.0 0.0 0.0 -0.759999930859 -1.97686247816e-07 1.98000019392 3.89753154195e-07 0.0 0.30000009736 4.13264132249e-07 0.0 0.0 0.0 0.0 0.0 0.0 0.0 0.0 0.0 0.0 0.0 0.0 0.553673451177 -1.29940067202 1.0153751784 1.52305513981 1.40195437444 0.0 -0.72492830844 -1.55348370138 0.0 0.0 0.0 0.0 0.0 0.0 0.0 0.0 0.0 0.0 0.0 0.0 3e-09 -6.28700413278e-08 0.0 2.14655432959e-08 -3e-09
9.890417099 appendMilestone	60	0.0 0.0 0.0 0.0 0.0 0.0 0.0 0.0 0.0 0.0 0.0 0.0 0.0 0.0 0.0 0.0 -0.759999930859 -1.97686247816e-07 1.98000019392 3.89753154195e-07 0.0 0.30000009736 4.13264132249e-07 0.0 0.0 0.0 0.0 0.0 0.0 0.0 0.0 0.0 0.0 0.0 0.0 0.537101438161 -1.34417309312 0.977431272072 1.50296849174 1.41435564766 0.0 -0.736276517346 -1.5897977627 0.0 0.0 0.0 0.0 0.0 0.0 0.0 0.0 0.0 0.0 0.0 0.0 3e-09 -6.28700413278e-08 0.0 2.14655432959e-08 -3e-09
9.890417099 appendMilestone	60	0.0 0.0 0.0 0.0 0.0 0.0 0.0 0.0 0.0 0.0 0.0 0.0 0.0 0.0 0.0 0.0 -0.759999930859 -1.97686247816e-07 1.98000019392 3.89753154195e-07 0.0 0.30000009736 4.13264132249e-07 0.0 0.0 0.0 0.0 0.0 0.0 0.0 0.0 0.0 0.0 0.0 0.0 0.545546902193 -1.40421697857 0.902690157966 1.4386048067 1.47721040275 0.0 -0.653529522021 -1.61742892096 0.0 0.0 0.0 0.0 0.0 0.0 0.0 0.0 0.0 0.0 0.0 0.0 3e-09 -6.28700413278e-08 0.0 2.14655432959e-08 -3e-09
49.7484872341 commandGripper	right	1	1
54.7560961246 setMilestone	60	0.0 0.0 0.0 0.0 0.0 0.0 0.0 0.0 0.0 0.0 0.0 0.0 0.0 0.0 0.0 0.0 -0.76 -1.97686e-07 1.98 3.89753e-07 0.0 0.3 4.13264e-07 0.0 0.0 0.0 0.0 0.0 0.0 0.0 0.0 0.0 0.0 0.0 0.0 0.545547 -1.40422 0.90269 1.4386 1.47721 0.0 -0.65353 -1.61743 0.0 0.0 0.0 0.0 0.0 0.0 0.0 0.0 0.0 0.0 0.0 0.0 3e-09 -6.287e-08 0.0 0.03 -0.03
54.7560961246 appendMilestone	60	0.0 0.0 0.0 0.0 0.0 0.0 0.0 0.0 0.0 0.0 0.0 0.0 0.0 0.0 0.0 0.0 -0.76 -1.97686e-07 1.98 3.89753e-07 0.0 0.3 4.13264e-07 0.0 0.0 0.0 0.0 0.0 0.0 0.0 0.0 0.0 0.0 0.0 0.0 0.851111457504 -0.978719736806 0.823000905478 1.03327927257 1.37698887746 0.0 -0.769687153891 -1.80527022929 0.0 0.0 0.0 0.0 0.0 0.0 0.0 0.0 0.0 0.0 0.0 0.0 3e-09 -6.287e-08 0.0 0.03 -0.03
54.7560961246 appendMilestone	60	0.0 0.0 0.0 0.0 0.0 0.0 0.0 0.0 0.0 0.0 0.0 0.0 0.0 0.0 0.0 0.0 -0.76 -1.97686000014e-07 1.98 3.89753e-07 0.0 0.3 4.13264e-07 0.0 0.0 0.0 0.0 0.0 0.0 0.0 0.0 0.0 0.0 0.0 0.0 0.920489234231 -0.827334789721 0.796139476518 0.779043307631 1.41821901163 0.0 -0.72203524949 -1.97027509034 0.0 0.0 0.0 0.0 0.0 0.0 0.0 0.0 0.0 0.0 0.0 0.0 3e-09 -6.287e-08 0.0 0.03 -0.03
66.253316164 commandGripper	right	1	0
74.1157300472 setMilestone	60	0.0 0.0 0.0 0.0 0.0 0.0 0.0 0.0 0.0 0.0 0.0 0.0 0.0 0.0 0.0 0.0 -0.76 -1.97686000014e-07 1.98 3.89753e-07 0.0 0.3 4.13264e-07 0.0 0.0 0.0 0.0 0.0 0.0 0.0 0.0 0.0 0.0 0.0 0.0 0.899383633155 -0.823061018489 0.861682838244 0.681805579543 1.53981662197 0.0 -0.686019646922 -2.17187527457 0.0 0.0 0.0 0.0 0.0 0.0 0.0 0.0 0.0 0.0 0.0 0.0 3e-09 -6.287e-08 0.0 0.0 0.0
80.6053411961 setMilestone	60	0.0 0.0 0.0 0.0 0.0 0.0 0.0 0.0 0.0 0.0 0.0 0.0 0.0 0.0 0.0 0.0 -0.76 -1.97686000014e-07 1.98 3.89753e-07 0.0 0.3 4.13264e-07 0.0 0.0 0.0 0.0 0.0 0.0 0.0 0.0 0.0 0.0 0.0 0.0 0.999506544293 -1.18621129257 0.825082786124 1.22308720514 1.41053012675 0.0 -1.22497910418 -1.68347326729 0.0 0.0 0.0 0.0 0.0 0.0 0.0 0.0 0.0 0.0 0.0 0.0 3e-09 -6.287e-08 0.0 0.0 0.0
97.0321700573 setMilestone	60	0.0 0.0 0.0 0.0 0.0 0.0 0.0 0.0 0.0 0.0 0.0 0.0 0.0 0.0 0.0 0.0 -0.76 -1.97686000014e-07 1.98 3.89753e-07 0.0 0.3 4.13264e-07 0.0 0.0 0.0 0.0 0.0 0.0 0.0 0.0 0.0 0.0 0.0 0.0 0.999506544293 -1.18621129257 0.825082786124 1.22308720514 1.41053012675 0.0 -1.22497910418 -1.68347326729 0.0 0.0 0.0 0.0 0.0 0.0 0.0 0.0 0.0 0.0 0.0 0.0 3e-09 -6.287e-08 0.0 0.0 0.0
97.0321700573 appendMilestone	60	0.0 0.0 0.0 0.0 0.0 0.0 0.0 0.0 0.0 0.0 0.0 0.0 0.0 0.0 0.0 0.0 -0.76 -1.97686000014e-07 1.98 3.89753e-07 0.0 0.3 4.13264e-07 0.0 0.0 0.0 0.0 0.0 0.0 0.0 0.0 0.0 0.0 0.0 0.0 1.016717634 -1.16835794902 0.876306230295 1.25523631845 1.48802743255 0.0 -1.15496598007 -1.7283448 0.0 0.0 0.0 0.0 0.0 0.0 0.0 0.0 0.0 0.0 0.0 0.0 3e-09 -6.287e-08 0.0 0.0 0.0
97.0321700573 appendMilestone	60	0.0 0.0 0.0 0.0 0.0 0.0 0.0 0.0 0.0 0.0 0.0 0.0 0.0 0.0 0.0 0.0 -0.76 -1.97686000014e-07 1.98 3.89753e-07 0.0 0.3 4.13264e-07 0.0 0.0 0.0 0.0 0.0 0.0 0.0 0.0 0.0 0.0 0.0 0.0 1.01499734761 -1.09939271853 0.927937880787 1.31305919588 1.49689272674 0.0 -1.25203160345 -1.80852826009 0.0 0.0 0.0 0.0 0.0 0.0 0.0 0.0 0.0 0.0 0.0 0.0 3e-09 -6.287e-08 0.0 0.0 0.0
97.0321700573 appendMilestone	60	0.0 0.0 0.0 0.0 0.0 0.0 0.0 0.0 0.0 0.0 0.0 0.0 0.0 0.0 0.0 0.0 -0.76 -1.97686000014e-07 1.98 3.89753e-07 0.0 0.3 4.13264e-07 0.0 0.0 0.0 0.0 0.0 0.0 0.0 0.0 0.0 0.0 0.0 0.0 0.961776109134 -1.01429214663 1.02488539934 1.22472623783 1.57392653035 0.0 -1.32542593859 -1.87282762073 0.0 0.0 0.0 0.0 0.0 0.0 0.0 0.0 0.0 0.0 0.0 0.0 3e-09 -6.287e-08 0.0 0.0 0.0
97.0321700573 appendMilestone	60	0.0 0.0 0.0 0.0 0.0 0.0 0.0 0.0 0.0 0.0 0.0 0.0 0.0 0.0 0.0 0.0 -0.76 -1.97686000014e-07 1.98 3.89753e-07 0.0 0.3 4.13264e-07 0.0 0.0 0.0 0.0 0.0 0.0 0.0 0.0 0.0 0.0 0.0 0.0 0.992284986461 -1.03082419781 0.99815242657 1.20857608 1.570097361 0.0 -1.36316058177 -1.84703257339 0.0 0.0 0.0 0.0 0.0 0.0 0.0 0.0 0.0 0.0 0.0 0.0 3e-09 -6.287e-08 0.0 0.0 0.0
97.0789701939 appendMilestone	60	0.0 0.0 0.0 0.0 0.0 0.0 0.0 0.0 0.0 0.0 0.0 0.0 0.0 0.0 0.0 0.0 -0.76 -1.97686000014e-07 1.98 3.89753e-07 0.0 0.3 4.13264e-07 0.0 0.0 0.0 0.0 0.0 0.0 0.0 0.0 0.0 0.0 0.0 0.0 1.03254471453 -1.00202078311 0.999117713292 1.25096647709 1.53206218757 0.0 -1.41294299604 -1.83691847567 0.0 0.0 0.0 0.0 0.0 0.0 0.0 0.0 0.0 0.0 0.0 0.0 3e-09 -6.287e-08 0.0 0.0 0.0
97.0789701939 appendMilestone	60	0.0 0.0 0.0 0.0 0.0 0.0 0.0 0.0 0.0 0.0 0.0 0.0 0.0 0.0 0.0 0.0 -0.76 -1.97686000014e-07 1.98 3.89753e-07 0.0 0.3 4.13264e-07 0.0 0.0 0.0 0.0 0.0 0.0 0.0 0.0 0.0 0.0 0.0 0.0 0.599846456173 -0.0196234387859 0.601626742513 1.97471998296 1.91597515721 0.0 -1.08825236317 -1.7047202314 0.0 0.0 0.0 0.0 0.0 0.0 0.0 0.0 0.0 0.0 0.0 0.0 3e-09 -6.287e-08 0.0 0.0 0.0
97.0789701939 appendMilestone	60	0.0 0.0 0.0 0.0 0.0 0.0 0.0 0.0 0.0 0.0 0.0 0.0 0.0 0.0 0.0 0.0 -0.76 -1.97686000014e-07 1.98 3.89753e-07 0.0 0.3 4.13264e-07 0.0 0.0 0.0 0.0 0.0 0.0 0.0 0.0 0.0 0.0 0.0 0.0 0.644141801766 -0.0892175834066 0.512352379112 2.02227443146 1.84458633099 0.0 -1.00243634154 -1.64317277697 0.0 0.0 0.0 0.0 0.0 0.0 0.0 0.0 0.0 0.0 0.0 0.0 3e-09 -6.287e-08 0.0 0.0 0.0
97.0789701939 appendMilestone	60	0.0 0.0 0.0 0.0 0.0 0.0 0.0 0.0 0.0 0.0 0.0 0.0 0.0 0.0 0.0 0.0 -0.76 -1.97686000014e-07 1.98 3.89753e-07 0.0 0.3 4.13264e-07 0.0 0.0 0.0 0.0 0.0 0.0 0.0 0.0 0.0 0.0 0.0 0.0 0.668447597982 -0.182302599062 0.516756412788 1.92779583518 1.85570913545 0.0 -1.06746634458 -1.673017998 0.0 0.0 0.0 0.0 0.0 0.0 0.0 0.0 0.0 0.0 0.0 0.0 3e-09 -6.287e-08 0.0 0.0 0.0
97.0789701939 appendMilestone	60	0.0 0.0 0.0 0.0 0.0 0.0 0.0 0.0 0.0 0.0 0.0 0.0 0.0 0.0 0.0 0.0 -0.76 -1.97686000014e-07 1.98 3.89753e-07 0.0 0.3 4.13264e-07 0.0 0.0 0.0 0.0 0.0 0.0 0.0 0.0 0.0 0.0 0.0 0.0 0.683175753022 -0.274809613854 0.578101818088 1.85101859763 1.82811682471 0.0 -1.07966622836 -1.60439425248 0.0 0.0 0.0 0.0 0.0 0.0 0.0 0.0 0.0 0.0 0.0 0.0 3e-09 -6.287e-08 0.0 0.0 0.0
97.0945701599 appendMilestone	60	0.0 0.0 0.0 0.0 0.0 0.0 0.0 0.0 0.0 0.0 0.0 0.0 0.0 0.0 0.0 0.0 -0.76 -1.97686000014e-07 1.98 3.89753e-07 0.0 0.3 4.13264e-07 0.0 0.0 0.0 0.0 0.0 0.0 0.0 0.0 0.0 0.0 0.0 0.0 0.736282856426 -0.371022131323 0.644089823863 1.86569367715 1.81042952993 0.0 -1.14571434169 -1.67720631739 0.0 0.0 0.0 0.0 0.0 0.0 0.0 0.0 0.0 0.0 0.0 0.0 3e-09 -6.287e-08 0.0 0.0 0.0
139.058644056 commandGripper	right	1	1
